location	apt	[  6.30474269e-01   6.98222592e-02  -3.85405011e-02   4.42438066e-01
  -7.53527358e-02   3.88861576e-04   6.66422307e-01   1.45866290e-01
   1.14757366e-01   2.75141180e-01  -1.37570590e-01  -1.27892252e-02
  -1.16139993e-01   9.33267772e-02  -8.74506459e-02   6.42917827e-02
   2.62697607e-01   3.78491953e-02   1.90801412e-01  -8.57223794e-02
  -2.44723558e-01  -6.94765970e-02  -3.40469927e-02   9.93757322e-03
   1.26163978e-02  -1.08535588e-01  -4.77003530e-02   1.52088076e-01
   7.77723193e-02   1.54162005e-01   1.72136053e-01   1.27892241e-01
  -8.43397528e-02  -2.28132144e-01  -6.98222592e-02   1.35669485e-02
  -6.32548183e-02   2.11540699e-01   1.65914267e-01  -1.27892241e-01
   4.75620896e-01  -1.62457712e-02   1.29274875e-01   6.63657114e-02
  -1.20979156e-02  -1.81123078e-01  -1.34114042e-01   2.90349990e-01
  -1.54162005e-01  -1.96159054e-02  -3.38741660e-01   7.08592217e-03
  -1.92184031e-01   7.32788071e-02   2.23984256e-01   2.98645705e-01
   2.75141180e-01  -2.12923318e-01   9.95485634e-02  -8.64136871e-03
   7.50070736e-02  -1.11300826e-01  -4.39672828e-01  -3.87133300e-01
  -1.43101051e-01  -1.07844278e-01  -1.70062125e-01   2.92078238e-02
  -1.53470710e-01  -2.22601652e-01   2.47488782e-01  -3.88861597e-02
   1.71444759e-01  -1.45174995e-01  -2.33662590e-01  -4.06489968e-01
  -1.45866290e-01   5.64108491e-01   1.57618567e-01   6.94765970e-02
  -1.09226890e-01   1.90801412e-01   1.17522608e-02   7.01679140e-02
  -2.95880437e-01   1.61075100e-01  -1.63149029e-01   4.25155312e-02
   2.19836414e-01   1.82505697e-01  -2.11713538e-02  -3.08324009e-01
  -7.53527358e-02  -8.91789272e-02   2.10849382e-02   1.52779385e-01
   2.91732579e-01   1.43792361e-01  -1.10609517e-01  -1.52779385e-01
  -2.00479746e-01   1.32731423e-01  -2.48871416e-01  -1.18213922e-01
  -1.67988196e-01   9.67833214e-03  -5.94526120e-02   3.94046418e-02
   3.21890973e-03  -6.32548183e-02  -3.20767611e-01   2.97263086e-01
  -1.18386755e-02  -3.34593803e-01   5.00508070e-01  -7.22418427e-02
   5.58578074e-01  -3.67776632e-01   1.37570590e-01   9.05615389e-02
  -3.70541871e-01   2.36773510e-02   5.61688934e-03  -4.39672828e-01
  -1.68679506e-01   9.26354676e-02  -1.56235948e-01  -8.19201693e-02
  -1.10609517e-01   2.44723558e-01  -1.63149029e-01  -2.22601652e-01
  -1.20979153e-01   6.33239508e-01   2.78252065e-02  -2.88967371e-01
  -1.71099082e-02   1.10609513e-02  -3.88861597e-02   3.98194253e-01
   5.35764843e-02  -3.86161148e-04   2.41958313e-02   1.54162005e-01
   1.05856769e-02  -3.76072347e-01  -2.35045224e-01   1.76975220e-01
  -4.01823642e-03  -3.49802583e-01  -2.78252065e-02  -6.46374375e-02
  -1.37570590e-01  -2.95880437e-01  -1.43792361e-01  -2.79289037e-01
  -2.54401892e-01   5.77934742e-01   2.93806531e-02  -2.01862365e-01
   3.15237135e-01   1.02313802e-01   1.15448684e-01  -6.08352311e-02
   2.75141180e-01  -1.88036174e-01   9.74746346e-02  -1.25299841e-02
  -1.19596541e-01   1.29274875e-01  -1.47940218e-01  -7.05135614e-02
  -3.45654748e-02   4.96878661e-03  -3.23532820e-01   3.31828535e-01
   5.56504130e-02  -1.63840339e-01  -6.36004731e-02   1.21670462e-01
   2.36427844e-01   8.46854150e-02  -2.23984256e-01   2.19490752e-02
  -7.39701092e-02  -3.73739190e-03  -1.39644518e-01   1.45174995e-01
   1.23053081e-01   2.06010222e-01   3.26643735e-02  -1.61075100e-01
  -1.48631530e-02  -4.03724730e-01  -1.57618567e-01  -5.94526120e-02
  -1.78357854e-01  -2.75141180e-01  -1.71444759e-01   9.33267772e-02
  -4.02687751e-02   4.45894636e-02  -2.54401892e-01  -1.99097127e-01
   1.38953194e-01  -2.75141180e-01   1.49322852e-01   1.26509637e-01
  -4.81756264e-03  -2.26835930e-03  -2.48871416e-01   8.50310624e-02
  -1.43792361e-01   1.05770350e-01  -9.88572538e-02  -3.12471896e-01
   1.90801412e-01   2.59932339e-01  -6.18721955e-02   2.37810448e-01
   1.40335828e-01   6.53287470e-02  -2.06010222e-01   3.80220190e-02
   2.32279986e-01   2.14305937e-01   1.44483685e-01  -4.87373173e-02
  -2.79289037e-01   3.56715709e-01  -3.48419964e-01   9.28947143e-03
   1.55544635e-02   7.95005858e-02   2.19836414e-01   1.94949269e-01
   1.23053081e-01  -2.08775461e-01  -1.62457712e-02  -1.05079040e-01
  -9.88572538e-02  -1.70753434e-01   1.53470710e-01  -2.15688556e-01
   6.70570210e-02  -3.97502929e-02   4.25155312e-02   1.99097127e-01
   1.54162005e-01  -3.49111296e-02  -1.59692481e-01  -1.60383806e-01
   1.76283911e-01   1.42409757e-01   2.53019273e-01  -2.00479746e-01
  -1.29966170e-01  -7.12912949e-03   2.07392842e-01  -9.60920155e-02
  -3.81602824e-01   1.10609517e-01   7.98462406e-02  -1.07844278e-01
   1.76283911e-01   1.26509637e-01  -2.76523799e-01  -2.82054245e-01
  -6.39461204e-02   2.79289037e-01  -7.77723193e-02   6.56744018e-02
   4.03724730e-01   3.24915469e-01   1.76975220e-01  -2.54401892e-01
   6.18721955e-02   1.86653554e-01  -6.87852949e-02   5.08803785e-01
   1.31240778e-03  -2.25366876e-01  -1.59692481e-01  -1.07844278e-01
  -1.09918207e-01   2.55784482e-01   8.51174816e-03  -8.05375502e-02
  -3.45654748e-02  -1.12683438e-01  -2.30897367e-01  -4.83916607e-03
   1.59001172e-01  -6.39461204e-02   2.19836414e-01  -1.29274875e-01
   2.12923318e-01  -7.91549385e-02  -4.56264287e-01   2.65462846e-01]
object	windows	[  3.30202311e-01  -9.53459218e-02   2.47651730e-02  -1.60148129e-01
   1.62624642e-01   3.50014478e-01   3.71477634e-01   1.93168357e-01
   5.74552059e-01   9.44378674e-01  -3.31853330e-01  -9.44378674e-01
   2.12980509e-01  -1.35382950e-01  -2.34443650e-01  -4.35867071e-01
   6.85169846e-02  -5.62375830e-03   1.93168357e-01   4.12752898e-03
   2.22886577e-01  -1.01124465e-01  -7.59465396e-02  -2.22886577e-01
  -3.76430690e-01   4.49900664e-02   2.00597912e-01   8.78338218e-01
  -8.40984005e-03  -3.64873588e-01  -2.06376463e-01  -1.96470380e-01
  -1.44463524e-01  -2.59208828e-01   1.17221825e-01  -2.65812874e-01
  -3.08739185e-01   3.31853330e-01  -4.72189337e-01  -1.80785775e-01
  -4.47836928e-02   2.57557809e-01   2.03074440e-01   5.18417656e-01
   9.74096954e-02   3.30202311e-01  -5.81156135e-01   1.78515632e-02
  -7.00028956e-01   1.58497125e-01   5.86109124e-02   4.51964438e-02
   2.37745672e-01   7.42955282e-02  -6.00968242e-01   2.27839604e-01
  -3.74779642e-01  -8.75036195e-02  -2.14631513e-01  -2.88927048e-01
  -2.21235558e-01  -5.36578782e-02   8.95673856e-02  -6.23256937e-02
  -7.18190074e-02   7.05807433e-02   2.05344576e-02   2.29490623e-01
  -9.70794857e-01   2.92229056e-01   6.02619238e-02   1.50242060e-01
   2.69114882e-01  -3.31853330e-01  -8.05693626e-01   1.50242060e-01
   3.66524577e-01  -2.66225636e-02   8.46143514e-02  -4.32565063e-01
  -1.03600979e-01   3.33504349e-01  -3.66524577e-01  -1.86564311e-01
   3.61158811e-02   3.07088166e-01  -1.73356220e-01   1.75007239e-01
   2.87276030e-01  -3.40108395e-01  -2.74067938e-01  -6.15001880e-02
   2.50953764e-01   2.54255801e-01   4.16880436e-02   1.22174859e-01
  -1.93993866e-01  -6.70310736e-01   4.29263026e-01  -2.82322973e-01
  -1.80785775e-01  -2.62510836e-01  -2.54255801e-01   1.68403178e-01
   3.46712440e-01   3.92940760e-01   1.04426488e-01   1.97295889e-01
  -2.69114882e-01  -3.66524577e-01  -5.71250021e-01  -1.63450152e-01
  -1.25476882e-01  -4.68887299e-01   5.41531801e-01   1.70879707e-01
   3.50014478e-01  -3.87987733e-01  -1.70054197e-01   1.83262289e-01
  -1.27953410e-01  -6.81042299e-02   5.75274369e-03  -7.11998763e-03
   2.39396691e-01  -1.40335992e-01  -3.79732668e-01   9.82351899e-02
   5.15115619e-01   1.17221825e-01   1.33731946e-01   2.44349718e-01
   5.31625748e-01  -1.72530726e-01   3.87987733e-01   4.21007961e-01
  -1.17221825e-01  -5.48135877e-01   9.02897026e-03   3.66524577e-01
   1.61799148e-01  -3.68175596e-01  -4.02846813e-01  -2.48941593e-03
   1.92342862e-01   1.60148129e-01   5.87760150e-01  -1.52718574e-01
   2.14631513e-01  -1.38684973e-01  -4.51448513e-03  -1.82643160e-02
   3.97893816e-01  -1.77483752e-01   1.18047334e-01   1.23000376e-01
  -8.46143514e-02  -2.16282532e-01  -1.27953410e-01   4.22658980e-01
  -5.44833839e-02   4.42471117e-01  -2.93880075e-01   2.35269181e-02
   2.88927034e-02  -3.56618524e-01  -5.54739892e-01   1.27127901e-01
   1.01537220e-01   9.20438990e-02  -9.44378674e-01   9.82351899e-02
  -6.37290478e-01  -7.51210302e-02  -1.87389821e-01   2.65812874e-01
   9.31170583e-01  -4.45773154e-01   1.49622932e-02   1.89040840e-01
  -8.08995724e-01   1.59322619e-01   6.72787204e-02  -4.01195824e-01
   1.83262289e-01  -3.43410403e-01   1.51067570e-01   1.59322619e-01
   3.38457406e-01   4.77245543e-04   1.63450152e-01  -1.57671615e-01
  -4.95303482e-01   8.54398534e-02  -7.30572641e-02   6.50498569e-01
  -1.84706934e-02  -4.42471117e-01  -2.52604783e-01   2.26188600e-01
   2.08852977e-01   2.12980509e-01  -1.78309262e-01  -1.29604414e-01
   7.89183557e-01  -3.73128623e-01   2.12980509e-01  -1.28778905e-01
  -7.42955282e-02   3.83034736e-01  -4.82095391e-01   2.74067938e-01
  -6.83518827e-01   4.14403915e-01  -2.72416919e-01  -2.57970579e-02
  -2.19584554e-01   2.77369946e-01  -3.23598295e-01  -2.36094669e-01
  -2.98278464e-04  -2.92229056e-01   5.31625748e-01   4.68887299e-01
  -1.65101156e-01   1.93168357e-01  -9.03928876e-02   6.37290478e-01
   1.68403178e-01  -6.14176333e-01  -5.01907527e-01  -3.92940760e-01
   1.00711703e-01   9.15795506e-04  -5.48135877e-01  -1.75007239e-01
   2.27839604e-01  -1.38684973e-01  -1.41987011e-01  -9.59650520e-03
   3.31853330e-01  -3.81796435e-02  -3.84685725e-01   1.09792277e-01
  -4.58981246e-01   2.57557809e-01  -5.41531801e-01   2.59208828e-01
  -2.64161855e-01  -1.43638015e-01  -1.46940038e-01   2.34443650e-01
   3.59920532e-01   5.81981614e-02  -2.83974022e-01  -4.02846813e-01
  -2.95531094e-01   3.48363429e-01   3.20296258e-01  -1.52718574e-01
  -7.51210302e-02  -3.87987733e-01  -2.34443650e-01  -3.54967505e-01
   2.34443650e-01   1.38684973e-01   1.92342862e-01   4.09450859e-01
  -4.35867071e-01   1.44463524e-01  -2.92229056e-01   1.35382950e-01
  -3.42584923e-02   6.73612714e-01   1.79134771e-01  -5.65471500e-02
   5.28323710e-01  -3.35155368e-01  -2.11329490e-01  -5.88172954e-03
  -2.59208828e-01   1.68403178e-01  -1.31255418e-01   1.25476882e-01
   6.76914752e-02   1.11443289e-01   8.87418818e-03   1.51067570e-01
  -2.57557809e-01  -2.15663407e-02  -2.59208828e-01   3.28551322e-01
   5.73726557e-02  -7.18190074e-02   3.10390204e-01   1.87389821e-01
   4.65585291e-01  -2.27839604e-01   1.75007239e-01  -2.60550273e-03]
